   32   1.8929e-01   4.9217e-01   2.1107e+00   8.5539e-02   8.7424e+00% dt = 2.5e-2/(32*2.^[0:4]);  nstep = 20*2.^(0:4)
% T = 0.5; 
% -----------------------------------------------------------------------------

% 2. u(x) = cos(2*pi*x)
% dt0 = 2.5e-2;  nout = 20; T = 0.5

% ustar approach (no limiter)
  32   6.7231e-01   2.1753e+00   9.8740e+00  -1.4899e-01   1.9985e+01
  64   4.2176e-01   1.8964e+00   1.1646e+01  -1.4156e-01   2.6510e+01
 128   2.3267e-01   1.4850e+00   1.3107e+01  -1.3808e-01   3.1420e+01
 256   1.2394e-01   1.0934e+00   1.2919e+01  -1.3639e-01   3.4094e+01
 512   6.4359e-02   7.8743e-01   1.2678e+01  -1.3557e-01   3.5171e+01
1024   3.2981e-02   5.6096e-01   1.2592e+01  -1.3515e-01   3.5531e+01

% ustar approach (with limiter)
  32   1.2899e-01   3.9627e-01   1.5619e+00   5.0475e-02   1.1673e+01
  64   2.6999e-02   6.0069e-02   1.8833e-01   4.3401e-02   1.7672e+01
 128   7.0976e-02   3.4246e-01   1.9701e+00   3.6119e-02   2.3300e+01
 256   6.3207e-02   4.0037e-01   3.7342e+00   3.3320e-02   2.6417e+01
 512   3.5594e-02   3.0607e-01   4.3169e+00   3.2426e-02   2.7341e+01
1024   1.8231e-02   2.1949e-01   4.4470e+00   3.2180e-02   2.7558e+01

% wave-decomp (no limiter)
  32   1.5915e-01   4.1821e-01   1.4840e+00   4.3678e-02   1.1595e+01   
  64   9.9351e-02   3.7161e-01   1.7185e+00   4.3325e-02   1.6302e+01   
 128   4.6332e-02   2.2201e-01   1.4143e+00   4.3241e-02   2.0000e+01
 256   1.2001e-02   6.9423e-02   6.5455e-01   4.3221e-02   2.2029e+01
 512   3.4869e-03   1.9084e-02   2.0756e-01   4.3216e-02   2.2817e+01
1024   1.1811e-03   5.4569e-03   5.5830e-02   4.3214e-02   2.3055e+01

% wave-decomp (with limiter)
  32   4.6576e-01   1.4374e+00   6.9858e+00  -8.3445e-01   1.7097e+01
  64   2.8930e-01   1.2635e+00   7.2542e+00  -8.3342e-01   2.4753e+01
 128   1.8992e-01   1.0750e+00   9.8891e+00  -8.3283e-01   3.1303e+01
 256   1.0915e-01   8.4038e-01   1.1861e+01  -8.3251e-01   3.4544e+01
 512   5.5626e-02   6.0227e-01   1.2280e+01  -8.3234e-01   3.5304e+01
1024   2.7818e-02   4.2618e-01   1.2326e+01  -8.3226e-01   3.5437e+01

% Edge-velocity approach (no limiter)
  32   1.8531e-01   5.2647e-01   2.0393e+00   3.2505e-02   1.2150e+01
  64   9.2813e-02   3.2715e-01   1.5563e+00   3.7873e-02   1.6533e+01
 128   5.2166e-02   2.2783e-01   1.5451e+00   4.0546e-02   1.9869e+01
 256   2.1038e-02   9.4322e-02   9.3114e-01   4.1881e-02   2.1752e+01
 512   9.6470e-03   4.1255e-02   4.4185e-01   4.2547e-02   2.2582e+01
1024   4.8342e-03   1.9397e-02   2.0292e-01   4.2881e-02   2.2908e+01

% Edge-velocity approach (with limiter)
  32   1.3067e-01   3.1368e-01   1.0620e+00   3.3582e-02   1.0730e+01
  64   1.3186e-01   4.0615e-01   1.8758e+00   3.8145e-02   1.5623e+01
 128   5.7416e-02   2.3518e-01   1.7030e+00   4.0615e-02   1.9711e+01
 256   2.5162e-02   1.0020e-01   9.3729e-01   4.1898e-02   2.1746e+01
 512   1.0985e-02   4.3208e-02   4.4186e-01   4.2552e-02   2.2582e+01
1024   5.1581e-03   1.9882e-02   2.0292e-01   4.2882e-02   2.2908e+01

% f-wave (no limiter)
  32   1.5915e-01   4.1821e-01   1.4840e+00   4.3678e-02   1.1595e+01
  64   9.9351e-02   3.7161e-01   1.7185e+00   4.3325e-02   1.6302e+01
 128   4.6332e-02   2.2201e-01   1.4143e+00   4.3241e-02   2.0000e+01
 256   1.2001e-02   6.9423e-02   6.5455e-01   4.3221e-02   2.2029e+01
 512   3.4869e-03   1.9084e-02   2.0756e-01   4.3216e-02   2.2817e+01
1024   1.1811e-03   5.4569e-03   5.5830e-02   4.3214e-02   2.3055e+01

% f-wave (with limiter)
  32   2.9196e-01   1.1711e+00   6.0071e+00   4.0724e-02   1.6118e+01
  64   1.4012e-01   7.4514e-01   4.3337e+00   4.2753e-02   2.1832e+01
 128   6.8673e-02   4.0986e-01   3.9468e+00   4.3115e-02   2.5361e+01 
 256   2.5187e-02   1.7594e-01   2.4672e+00   4.3191e-02   2.5150e+01
 512   6.5822e-03   4.7283e-02   8.5971e-01   4.3208e-02   2.3884e+01        
1024   1.8414e-03   1.1223e-02   2.2937e-01   4.3213e-02   2.3340e+01

% -----------------------------------------------------------------------------
% 2. u(x) = cos(2*pi*x) + 1    (velocity >= 0)
% dt0 = 1e-2; T = 0.5; nout = 50;  cfl = 0.64

% ustar approach (no limiter)
   32   1.8929e-01   4.9217e-01   2.1107e+00   8.5539e-02   8.7424e+00
   64   6.5680e-02   2.4493e-01   1.4180e+00   8.5013e-02   1.0329e+01
  128   1.9447e-02   7.8875e-02   4.7822e-01   8.4891e-02   1.1373e+01
  256   5.1101e-03   2.1429e-02   1.5300e-01   8.4866e-02   1.1689e+01
  512   1.3599e-03   5.7242e-03   4.0510e-02   8.4858e-02   1.1763e+01
 1024   4.9028e-04   1.7971e-03   1.1588e-02   8.4856e-02   1.1780e+01

% ustar approach (with limiter)
   32   1.9843e-01   4.8874e-01   1.6024e+00   8.5489e-02   8.3200e+00
   64   9.2968e-02   3.0380e-01   1.4730e+00   8.5013e-02   1.0104e+01   
  128   3.0976e-02   1.2475e-01   9.0606e-01   8.4891e-02   1.1042e+01
  256   9.6338e-03   4.4781e-02   4.0749e-01   8.4866e-02   1.1635e+01 
  512   2.7532e-03   1.4399e-02   1.6430e-01   8.4858e-02   1.1776e+01
 1024   8.0471e-04   4.4330e-03   6.4405e-02   8.4856e-02   1.1790e+01

% 1d : wave-decomp (no-limiter)
   32   1.7990e-01   4.7481e-01   2.0787e+00   8.5333e-02   8.6376e+00  
   64   6.3304e-02   2.4073e-01   1.4234e+00   8.4962e-02   1.0276e+01
  128   1.9229e-02   7.8100e-02   4.7768e-01   8.4879e-02   1.1362e+01
  256   5.0673e-03   2.1293e-02   1.5414e-01   8.4863e-02   1.1684e+01
  512   1.3678e-03   5.6901e-03   4.0739e-02   8.4857e-02   1.1761e+01
 1024   4.9061e-04   1.7846e-03   1.1361e-02   8.4856e-02   1.1780e+01

% wave-decomp (with limiter) (1d)
   32   1.8527e-01   4.7099e-01   1.7193e+00   8.5284e-02   8.5120e+00
   64   9.2252e-02   3.0224e-01   1.4732e+00   8.4962e-02   1.0128e+01    
  128   3.1132e-02   1.2497e-01   9.1018e-01   8.4879e-02   1.1041e+01
  256   9.7167e-03   4.4945e-02   4.0968e-01   8.4863e-02   1.1634e+01 
  512   2.7723e-03   1.4438e-02   1.6506e-01   8.4857e-02   1.1775e+01
 1024   8.0734e-04   4.4374e-03   6.4615e-02   8.4856e-02   1.1789e+01

% edge approach (no limiter)
   32   2.2988e-01   6.0005e-01   2.2311e+00  -2.7673e-02   9.4768e+00
   64   7.8592e-02   2.8902e-01   1.5463e+00   8.3506e-02   1.0685e+01
  128   2.4841e-02   1.0194e-01   6.4681e-01   8.4068e-02   1.1375e+01
  256   9.5510e-03   3.5278e-02   2.2096e-01   8.4437e-02   1.1684e+01
  512   4.1481e-03   1.3846e-02   8.5476e-02   8.4640e-02   1.1746e+01
 1024   1.9998e-03   6.2490e-03   3.5882e-02   8.4747e-02   1.1768e+01

% edge approach (with limiter)
  32   1.4663e-01   4.4681e-01   2.1631e+00   8.3000e-02   7.8156e+00
  64   7.6028e-02   2.7651e-01   1.9090e+00   8.3512e-02   9.5877e+00
 128   3.0178e-02   1.1813e-01   1.0141e+00   8.4086e-02   1.0767e+01
 256   1.0902e-02   4.5635e-02   4.3353e-01   8.4439e-02   1.1359e+01
 512   4.4157e-03   1.7103e-02   1.8626e-01   8.4641e-02   1.1607e+01
1024   2.0562e-03   6.8072e-03   7.3741e-02   8.4747e-02   1.1717e+01

% f-wave (no limiter)
   32   1.7990e-01   4.7481e-01   2.0787e+00   8.5333e-02   8.6376e+00   
   64   6.3304e-02   2.4073e-01   1.4234e+00   8.4962e-02   1.0276e+01 
  128   1.9229e-02   7.8100e-02   4.7768e-01   8.4879e-02   1.1362e+01   
  256   5.0673e-03   2.1293e-02   1.5414e-01   8.4863e-02   1.1684e+01
  512   1.3678e-03   5.6901e-03   4.0739e-02   8.4857e-02   1.1761e+01
 1024   4.9061e-04   1.7846e-03   1.1361e-02   8.4856e-02   1.1780e+01

% f-wave (with limiter)
   32   1.3412e-01   3.3245e-01   1.1399e+00   8.3606e-02   9.0553e+00
   64   7.4344e-02   2.4476e-01   1.2996e+00   8.4585e-02   1.0500e+01
  128   2.5841e-02   1.0401e-01   8.2331e-01   8.4790e-02   1.1218e+01   
  256   8.0801e-03   4.0812e-02   3.7316e-01   8.4842e-02   1.1730e+01
  512   2.5702e-03   1.4085e-02   1.5616e-01   8.4852e-02   1.1809e+01
 1024   8.2651e-04   4.4084e-03   6.3098e-02   8.4854e-02   1.1798e+01

% -----------------------------------------------------------------------------
% 2. u(x) = cos(2*pi*x) + 2   (velocity > 0)
% dt0 = 1e-2; T = 0.5; nout = 50; cfl = 0.958

% ustar (no limiter)
  32   4.0960e-02   6.0462e-02   1.7538e-01   6.3310e-01   1.7444e+00
  64   1.0102e-02   1.5315e-02   4.6855e-02   6.2861e-01   1.6418e+00
 128   2.4494e-03   3.6656e-03   1.0624e-02   6.2708e-01   1.6051e+00
 256   6.2900e-04   9.3798e-04   2.7135e-03   6.2668e-01   1.5981e+00
 512   2.3192e-04   3.1571e-04   8.8220e-04   6.2659e-01   1.5965e+00
1024   1.8877e-04   2.1274e-04   4.3572e-04   6.2657e-01   1.5961e+00

% ustar (with limiter)
  32   4.0960e-02   6.0462e-02   1.7538e-01   6.3310e-01   1.7444e+00
  64   1.2068e-02   1.9047e-02   5.8421e-02   6.2941e-01   1.6291e+00
 128   3.9570e-03   7.1601e-03   2.5955e-02   6.2715e-01   1.6056e+00
 256   1.2054e-03   2.3971e-03   1.0906e-02   6.2669e-01   1.5968e+00
 512   4.4165e-04   7.8894e-04   4.3948e-03   6.2659e-01   1.5962e+00
1024   2.4621e-04   3.1320e-04   1.6537e-03   6.2657e-01   1.5960e+00

% wave-decomp (no limiter)
   32   3.9439e-02   5.8435e-02   1.7026e-01   6.3268e-01   1.7393e+00
   64   9.8473e-03   1.5017e-02   4.5871e-02   6.2853e-01   1.6408e+00
  128   2.3975e-03   3.6084e-03   1.0442e-02   6.2706e-01   1.6050e+00
  256   6.1827e-04   9.2513e-04   2.6738e-03   6.2668e-01   1.5980e+00
  512   2.3071e-04   3.1341e-04   8.7267e-04   6.2659e-01   1.5965e+00
 1024   1.8877e-04   2.1254e-04   4.3359e-04   6.2657e-01   1.5961e+00

% wave-decomp (with limiter)

   32   3.6187e-02   4.8738e-02   1.2630e-01   6.4039e-01   1.6404e+00
   64   1.2200e-02   1.9247e-02   5.9150e-02   6.2930e-01   1.6287e+00
  128   3.9896e-03   7.2108e-03   2.6202e-02   6.2712e-01   1.6055e+00
  256   1.2112e-03   2.4075e-03   1.0975e-02   6.2669e-01   1.5968e+00
  512   4.4261e-04   7.9112e-04   4.4130e-03   6.2659e-01   1.5962e+00
 1024   2.4636e-04   3.1358e-04   1.6584e-03   6.2657e-01   1.5960e+00

% edge (no limiter)
   32   5.5381e-02   7.5739e-02   1.9969e-01   6.4267e-01   1.7619e+00
   64   1.7326e-02   2.3328e-02   5.6995e-02   6.3298e-01   1.6504e+00
  128   6.6938e-03   8.2207e-03   1.6901e-02   6.2925e-01   1.6100e+00
  256   2.9043e-03   3.4613e-03   6.9878e-03   6.2774e-01   1.6006e+00
  512   1.3683e-03   1.6060e-03   3.1055e-03   6.2711e-01   1.5978e+00
 1024   6.7571e-04   7.8274e-04   1.4227e-03   6.2682e-01   1.5968e+00

   32   5.5383e-02   7.5749e-02   1.9984e-01   6.4267e-01   1.7619e+00
   64   1.7355e-02   2.3338e-02   5.7147e-02   6.3298e-01   1.6504e+00
  128   6.7245e-03   8.2308e-03   1.6800e-02   6.2925e-01   1.6100e+00
  256   2.9334e-03   3.4726e-03   6.8869e-03   6.2774e-01   1.6006e+00
  512   1.3963e-03   1.6213e-03   3.0042e-03   6.2711e-01   1.5978e+00
 1024   7.0498e-04   8.0693e-04   1.4329e-03   6.2682e-01   1.5968e+00

% edge (with limiter)
   32   5.0733e-02   6.4124e-02   1.3692e-01   6.5720e-01   1.6103e+00
   64   1.7595e-02   2.2712e-02   5.2805e-02   6.3567e-01   1.6190e+00
  128   6.5031e-03   8.0883e-03   1.9375e-02   6.2972e-01   1.6052e+00
  256   2.8770e-03   3.4336e-03   7.4884e-03   6.2785e-01   1.5990e+00
  512   1.3851e-03   1.6113e-03   3.0977e-03   6.2713e-01   1.5974e+00
 1024   7.0163e-04   8.0357e-04   1.4182e-03   6.2683e-01   1.5967e+00

% f-wave (no limiter)
   32   3.9439e-02   5.8435e-02   1.7026e-01   6.3268e-01   1.7393e+00
   64   9.8473e-03   1.5017e-02   4.5871e-02   6.2853e-01   1.6408e+00
  128   2.3975e-03   3.6084e-03   1.0442e-02   6.2706e-01   1.6050e+00
  256   6.1827e-04   9.2513e-04   2.6738e-03   6.2668e-01   1.5980e+00 
  512   2.3071e-04   3.1341e-04   8.7267e-04   6.2659e-01   1.5965e+00
 1024   1.8877e-04   2.1254e-04   4.3359e-04   6.2657e-01   1.5961e+00

% f-wave (with limiter)
   32   3.5321e-02   4.7696e-02   1.2340e-01   6.3852e-01   1.6421e+00
   64   1.1929e-02   1.9038e-02   5.8247e-02   6.2885e-01   1.6292e+00
  128   4.0060e-03   7.2646e-03   2.5964e-02   6.2706e-01   1.6059e+00
  256   1.2364e-03   2.4170e-03   1.0919e-02   6.2668e-01   1.5972e+00
  512   4.4207e-04   7.9437e-04   4.3987e-03   6.2659e-01   1.5964e+00
 1024   2.4627e-04   3.1426e-04   1.6546e-03   6.2657e-01   1.5961e+00

% -----------------------------------------------------------------------------
% 3. u(x) = 0.2*sin(2*pi*x).*sin(16*pi*x);
% dt0 = 1e-1; T = 0.4; nout = 4;

% ustar (no limiter)
  32   1.2599e+00   2.0985e+00   5.8907e+00  -1.3947e+00   6.0262e+00
  64   1.0910e+00   2.4715e+00   1.0365e+01  -1.8621e+00   1.0856e+01
 128   8.4849e-01   2.6897e+00   1.7012e+01  -2.6282e+00   1.8830e+01
 256   5.9831e-01   2.5691e+00   2.4102e+01  -2.8340e+00   3.0510e+01
 512   3.8190e-01   2.1868e+00   2.6645e+01  -1.1175e+00   4.5445e+01
1024   2.2362e-01   1.8238e+00   2.7056e+01  -1.4669e-01   6.1332e+01

% ustar (with limiter)
  32   7.7256e-01   1.0591e+00   2.1852e+00  -3.1773e-01   2.3181e+00
  64   5.0843e-01   1.1039e+00   3.3038e+00   4.3828e-02   3.8177e+00
 128   3.5352e-01   1.1583e+00   5.5697e+00   2.8444e-02   7.4005e+00
 256   1.9579e-01   9.4506e-01   7.3879e+00   2.1974e-02   1.3796e+01
 512   7.9673e-02   4.1160e-01   5.3417e+00   1.9560e-02   2.4141e+01
1024   4.1172e-02   2.1500e-01   2.6372e+00   1.8583e-02   3.8163e+01

% wave-decomp (no limiter)
   32   8.6657e-01   1.1572e+00   2.1867e+00  -3.5953e-01   2.3842e+00 
   64   6.4393e-01   1.3197e+00   3.8671e+00  -4.8052e-01   4.3651e+00
  128   4.5013e-01   1.3910e+00   6.5626e+00  -7.1903e-01   8.3629e+00
  256   2.3681e-01   1.1248e+00   8.7730e+00  -3.6552e-02   1.5067e+01
  512   9.8045e-02   5.1671e-01   6.1422e+00   1.7950e-02   2.4706e+01
 1024   4.8410e-02   3.6915e-01   4.2991e+00   1.7936e-02   3.5966e+01

% wave-decomp (with limiter)
   32   1.1205e+00   1.3962e+00   3.2763e+00  -1.0952e+00   3.5089e+00
   64   8.4698e-01   1.5558e+00   5.9012e+00  -9.2472e-01   6.4031e+00
  128   5.8595e-01   1.7014e+00   1.0521e+01  -9.2328e-01   1.2321e+01
  256   3.9611e-01   1.6696e+00   1.5567e+01  -9.2155e-01   2.1861e+01
  512   2.6775e-01   1.4609e+00   1.7709e+01  -9.2094e-01   3.6272e+01
 1024   1.6185e-01   1.2428e+00   1.6532e+01  -9.2064e-01   5.4570e+01

% edge (no limiter)
  32   1.2599e+00   2.0985e+00   5.8907e+00  -1.3947e+00   6.0262e+00
  64   1.0910e+00   2.4715e+00   1.0365e+01  -1.8621e+00   1.0856e+01
 128   8.4849e-01   2.6897e+00   1.7012e+01  -2.6282e+00   1.8830e+01
 256   5.9831e-01   2.5691e+00   2.4102e+01  -2.8340e+00   3.0510e+01
 512   3.8190e-01   2.1868e+00   2.6645e+01  -1.1175e+00   4.5445e+01
1024   2.2362e-01   1.8238e+00   2.7056e+01  -1.4669e-01   6.1332e+01

% edge (with limiter)
  32   7.7256e-01   1.0591e+00   2.1852e+00  -3.1773e-01   2.3181e+00
  64   5.0843e-01   1.1039e+00   3.3038e+00   4.3828e-02   3.8177e+00
 128   3.5352e-01   1.1583e+00   5.5697e+00   2.8444e-02   7.4005e+00
 256   1.9579e-01   9.4506e-01   7.3879e+00   2.1974e-02   1.3796e+01
 512   7.9673e-02   4.1160e-01   5.3417e+00   1.9560e-02   2.4141e+01
1024   4.1032e-02   2.1602e-01   2.6250e+00   1.8583e-02   3.8163e+01  

% f-wave (no limiter)
  32   8.6640e-01   1.1570e+00   2.1866e+00  -3.5953e-01   2.3842e+00
  64   6.4342e-01   1.3180e+00   3.8639e+00  -4.8052e-01   4.3651e+00
 128   4.4771e-01   1.3834e+00   6.5364e+00  -7.1903e-01   8.3629e+00
 256   2.3336e-01   1.1023e+00   8.6150e+00  -3.6552e-02   1.5067e+01
 512   9.5458e-02   4.9699e-01   5.8047e+00   1.7950e-02   2.4706e+01
1024   4.5603e-02   3.4755e-01   4.0265e+00   1.7936e-02   3.5966e+01
 
% f-wave (with limiter)
   32   1.0101e+00   1.2555e+00   3.0169e+00  -9.1147e-01   3.2497e+00
   64   6.1329e-01   1.4910e+00   6.0762e+00  -1.0220e-01   6.5686e+00   
  128   3.9621e-01   1.6054e+00   1.0378e+01  -4.0730e-03   1.2204e+01 
  256   2.5209e-01   1.4981e+00   1.4890e+01   1.5042e-02   2.1342e+01
  512   1.5640e-01   1.1308e+00   1.5680e+01   1.7336e-02   3.4581e+01
 1024   7.3409e-02   7.2635e-01   1.1858e+01   1.7796e-02   4.9281e+01


% -----------------------------------------------------------------------------
% 3. u(x) = 0.1*sin(2*pi*x).*sin(16*pi*x);
% dt0 = 2.1-2; T = 0.5; nout = 2;

% ustar (no limiter)
  32   4.4438e-01   6.4881e-01   1.3960e+00   6.3863e-02   1.9360e+00
  64   2.3140e-01   4.9586e-01   1.7614e+00   9.2959e-02   3.5570e+00
 128   8.6821e-02   2.0653e-01   9.7672e-01   8.5523e-02   5.8911e+00
 256   4.7770e-02   1.6304e-01   9.0976e-01   8.1830e-02   8.4404e+00
 512   2.0083e-02   8.9871e-02   7.6693e-01   8.1199e-02   1.0498e+01
1024   5.4477e-03   2.8639e-02   3.8484e-01   8.1051e-02   1.1670e+01

% ustar (with limiter)
  32   6.9362e-01   8.9235e-01   2.2045e+00  -7.2818e-01   2.7445e+00
  64   3.2946e-01   7.4669e-01   3.3561e+00  -6.7801e-02   5.1517e+00
 128   1.6812e-01   5.3353e-01   3.2574e+00   6.3837e-02   8.1718e+00
 256   7.2535e-02   3.1265e-01   2.2726e+00   7.8859e-02   1.1204e+01
 512   3.0145e-02   1.5445e-01   2.0112e+00   8.0635e-02   1.3276e+01
1024   1.0398e-02   6.4305e-02   1.3565e+00   8.0928e-02   1.3412e+01

% wave-decomp (no limiter)
   32   4.4438e-01   6.4881e-01   1.3960e+00   6.3863e-02   1.9360e+00
   64   2.3140e-01   4.9586e-01   1.7614e+00   9.2959e-02   3.5570e+00
  128   9.0054e-02   2.1206e-01   9.7620e-01   8.3378e-02   5.8794e+00
  256   4.8950e-02   1.6750e-01   9.2215e-01   8.1476e-02   8.4231e+00
  512   2.0538e-02   9.1359e-02   7.7049e-01   8.1118e-02   1.0489e+01
 1024   5.8732e-03   2.9355e-02   3.8313e-01   8.1031e-02   1.1668e+01

 
 % wave-decomp (with limiter)
   32   7.4583e-01   9.5544e-01   2.3702e+00  -7.9653e-01   2.9102e+00
   64   5.2366e-01   8.7828e-01   3.4521e+00  -7.2596e-01   5.2373e+00  
  128   3.3777e-01   7.4497e-01   3.7213e+00  -7.2211e-01   8.6023e+00
  256   1.9971e-01   6.1797e-01   3.7083e+00  -7.2033e-01   1.2613e+01
  512   1.1608e-01   4.9040e-01   4.9519e+00  -7.1910e-01   1.6200e+01
 1024   6.2785e-02   3.7297e-01   6.1081e+00  -7.1841e-01   1.8147e+01

 % edge (no limiter)
32   4.3986e-01   6.5070e-01   1.4051e+00   6.6663e-02   1.9451e+00
64   2.6503e-01   5.0844e-01   1.7988e+00   1.1986e-02   3.5944e+00
128   1.1085e-01   2.3184e-01   9.3841e-01   5.0473e-02   5.8528e+00
256   7.2609e-02   2.0306e-01   1.0926e+00   6.5552e-02   8.2556e+00
512   3.7224e-02   1.2380e-01   1.0756e+00   7.3158e-02   1.0189e+01
1024   1.6661e-02   5.5680e-02   6.9335e-01   7.7044e-02   1.1362e+01

 % edge (with limiter)
32   4.4222e-01   5.9633e-01   1.2712e+00   2.0057e-01   1.8111e+00
64   2.3254e-01   4.3996e-01   1.5443e+00   5.3777e-02   3.3398e+00
128   1.0578e-01   2.1143e-01   8.8030e-01   5.7887e-02   5.4421e+00
256   8.2315e-02   2.1361e-01   1.2374e+00   6.7258e-02   7.9364e+00
512   3.8217e-02   1.2512e-01   1.1384e+00   7.3575e-02   1.0127e+01
1024   1.7560e-02   5.7096e-02   6.9648e-01   7.7148e-02   1.1359e+01

 % f-wave (no limiter)
32   4.4438e-01   6.4881e-01   1.3960e+00   6.3863e-02   1.9360e+00
64   2.3140e-01   4.9586e-01   1.7614e+00   9.2959e-02   3.5570e+00
128   8.6821e-02   2.0653e-01   9.7672e-01   8.5523e-02   5.8911e+00
256   4.7770e-02   1.6304e-01   9.0976e-01   8.1830e-02   8.4404e+00
512   2.0083e-02   8.9871e-02   7.6693e-01   8.1199e-02   1.0498e+01
1024   5.4477e-03   2.8639e-02   3.8484e-01   8.1051e-02   1.1670e+01

 % f-wave (with limiter)
   32   6.9362e-01   8.9235e-01   2.2045e+00  -7.2818e-01   2.7445e+00
   64   3.2642e-01   7.4866e-01   3.3553e+00  -1.9770e-02   5.1405e+00 
  128   1.7286e-01   5.4437e-01   3.3010e+00   6.6695e-02   8.1820e+00
  256   7.5510e-02   3.2238e-01   2.3586e+00   7.8817e-02   1.1263e+01
  512   3.1304e-02   1.5908e-01   2.0880e+00   8.0585e-02   1.3336e+01
 1024   1.0970e-02   6.5940e-02   1.4112e+00   8.0912e-02   1.3450e+01

% -----------------------------------------------------------------------------
% 4. u(x) = 1 + 0.5*tanh((x-0.5)/0.01)
% dt0 = 1.25e-2; T = 0.25; nout = 20; cfl = 0.96

% ustar approach (no limiter)
  32   5.5722e-02   1.0580e-01   3.4254e-01   2.4798e-01   1.2405e+00
  64   1.9346e-02   4.8592e-02   2.1210e-01   2.5496e-01   1.0221e+00
 128   8.0275e-03   2.4986e-02   1.5465e-01   2.8122e-01   1.0015e+00
 256   3.2396e-03   1.1883e-02   8.9009e-02   3.3040e-01   1.0000e+00
 512   1.1658e-03   4.6941e-03   4.1774e-02   3.3333e-01   1.0000e+00
1024   4.2747e-04   1.6470e-03   1.5757e-02   3.3333e-01   1.0000e+00

% ustar approach (with limiter)
  32   3.4624e-02   8.5318e-02   3.5342e-01   3.3238e-01   1.0000e+00
  64   1.5493e-02   4.1218e-02   1.8297e-01   3.3334e-01   1.0000e+00
 128   6.4542e-03   1.9029e-02   9.0051e-02   3.3333e-01   1.0000e+00
 256   2.5048e-03   7.6989e-03   3.9884e-02   3.3333e-01   1.0000e+00
 512   9.1364e-04   2.8739e-03   1.8374e-02   3.3333e-01   1.0000e+00
1024   3.6582e-04   1.1537e-03   9.6141e-03   3.3333e-01   1.0000e+00

% wave-decomp (no limiter)
32   2.9327e-02   6.1100e-02   2.3239e-01   2.2856e-01   1.0157e+00
 64   1.3868e-02   3.6966e-02   1.7380e-01   2.5353e-01   1.0011e+00
128   6.2755e-03   2.1016e-02   1.3145e-01   2.7992e-01   1.0001e+00
256   2.5081e-03   9.9353e-03   7.4162e-02   3.3245e-01   1.0000e+00
512   8.4749e-04   3.6655e-03   3.2796e-02   3.3333e-01   1.0000e+00
1024   2.7821e-04   1.0751e-03   1.0856e-02   3.3333e-01   1.0000e+00


% wave-decomp (no limiter) (a= 0.05;  x0 = 0.35)
32   7.4009e-03   1.3288e-02   4.7780e-02   3.4133e-01   9.9999e-01
 64   2.1428e-03   4.4477e-03   1.8890e-02   3.4471e-01   9.9999e-01
  128   5.6803e-04   1.2395e-03   5.6836e-03   3.4536e-01   9.9999e-01
256   1.5169e-04   3.1976e-04   1.4781e-03   3.4553e-01   9.9999e-01  
512   4.6453e-05   8.4136e-05   3.7196e-04   3.4556e-01   9.9999e-01
1024   2.0046e-05   2.9230e-05   9.4842e-05   3.4556e-01   9.9999e-01

% wave-decomp (with limiter)
32   1.7383e-02   4.4994e-02   1.8816e-01   3.3342e-01   1.0000e+00
64   8.7424e-03   2.5405e-02   1.0586e-01   3.3333e-01   1.0000e+00
128   3.8181e-03   1.2818e-02   7.3922e-02   3.3333e-01   1.0000e+00
256   1.4293e-03   5.3124e-03   3.5313e-02   3.3333e-01   1.0000e+00
512   4.7377e-04   1.7776e-03   1.3657e-02   3.3333e-01   1.0000e+0
1024   1.7351e-04   5.7504e-04   5.1319e-03   3.3333e-01   1.0000e+00

% edge (no limiter)
32   5.5712e-02   1.0580e-01   3.4254e-01   2.4798e-01   1.2405e+00
64   1.9346e-02   4.8592e-02   2.1210e-01   2.5496e-01   1.0221e+00
128   8.0275e-03   2.4986e-02   1.5465e-01   2.8122e-01   1.0015e+00
256   3.2396e-03   1.1883e-02   8.9009e-02   3.3040e-01   1.0000e+00
512   1.1658e-03   4.6941e-03   4.1774e-02   3.3333e-01   1.0000e+00
1024   4.2747e-04   1.6470e-03   1.5757e-02   3.3333e-01   1.0000e+00

% edge (with limiter)
32   3.4613e-02   8.5318e-02   3.5342e-01   3.3238e-01   1.0000e+00
64   1.5493e-02   4.1218e-02   1.8297e-01   3.3334e-01   1.0000e+00
128   6.4542e-03   1.9029e-02   9.0051e-02   3.3333e-01   1.0000e+00
256   2.5048e-03   7.6989e-03   3.9884e-02   3.3333e-01   1.0000e+00
512   9.1364e-04   2.8739e-03   1.8374e-02   3.3333e-01   1.0000e+00
1024   3.6582e-04   1.1537e-03   9.6141e-03   3.3333e-01   1.0000e+00
   

% f-wave (no limiter)

% f-wave (with limiter)


% -----------------------------------------------------------------------------
% 4. u(x) = 0.5*(tanh((x-0.65)/0.025) + tanh((0.35-x)/0.04)) + 1;
% dt0 = 2.5e-2; T = 0.125; nout = 5; cfl = 0.8

% Velocity is zero in middle

% ustar approach (no limiter)
   32   3.2707e-02   6.3351e-02   2.1059e-01   1.8782e-01   2.7708e+00
   64   1.8507e-02   6.6935e-02   4.6705e-01   1.6366e-01   3.3359e+00 
  128   6.0176e-03   2.7341e-02   2.4202e-01   1.5707e-01   3.6342e+00   
  256   1.6628e-03   8.3191e-03   8.7375e-02   1.5577e-01   3.7906e+00
  512   4.0385e-04   2.1442e-03   2.4836e-02   1.5554e-01   3.8225e+00 
 1024   1.0635e-04   4.8291e-04   5.8624e-03   1.5548e-01   3.8263e+00   

% ustar approach (with limiter)
  32   3.9459e-02   8.9982e-02   2.9620e-01   1.9315e-01   2.7648e+00
  64   1.6868e-02   5.9369e-02   3.4634e-01   1.6403e-01   3.2820e+00
 128   6.6487e-03   2.8252e-02   1.8235e-01   1.5712e-01   3.6181e+00
 256   1.8510e-03   9.1421e-03   8.0037e-02   1.5578e-01   3.7587e+00
 512   5.4197e-04   2.7802e-03   2.9569e-02   1.5554e-01   3.8007e+00
1024   1.8319e-04   8.6904e-04   9.2265e-03   1.5548e-01   3.8206e+00

% wave-decomp (no limiter)
   32   2.6591e-02   4.7462e-02   1.4317e-01   1.7426e-01   2.6948e+00
   64   1.6705e-02   6.0939e-02   4.2962e-01   1.5937e-01   3.2892e+00 
  128   5.6690e-03   2.5766e-02   2.3897e-01   1.5601e-01   3.6106e+00 
  256   1.6092e-03   7.9665e-03   8.6100e-02   1.5554e-01   3.7859e+00 
  512   4.0776e-04   2.0805e-03   2.4425e-02   1.5549e-01   3.8205e+00 
 1024   1.1121e-04   4.8286e-04   5.8669e-03   1.5546e-01   3.8258e+00 

 % wave-decomp (with limiter)
  32   3.7588e-02   8.5917e-02   3.1743e-01   1.7651e-01   2.7861e+00
  64   1.6451e-02   5.8254e-02   3.3753e-01   1.5961e-01   3.2892e+00
 128   6.8194e-03   2.8941e-02   1.8244e-01   1.5604e-01   3.6137e+00
 256   1.9329e-03   9.5491e-03   8.0466e-02   1.5554e-01   3.7551e+00
 512   5.8253e-04   2.9149e-03   2.9893e-02   1.5549e-01   3.7993e+00
1024   1.9549e-04   9.0826e-04   9.3588e-03   1.5546e-01   3.8201e+00

% edge (no limiter)
  32   4.5150e-02   8.9640e-02   3.0300e-01   1.6291e-01   2.7217e+00
  64   2.5827e-02   8.9465e-02   6.2985e-01   1.5044e-01   3.2992e+00  
 128   1.2060e-02   4.2708e-02   3.5992e-01   1.5032e-01   3.6041e+00 
 256   5.3841e-03   1.8076e-02   1.7028e-01   1.5207e-01   3.7307e+00
 512   2.4831e-03   7.8777e-03   7.3731e-02   1.5353e-01   3.7971e+00
1024   1.1979e-03   3.6163e-03   3.2129e-02   1.5445e-01   3.8118e+00

% edge (with limiter)
  32   4.1768e-02   8.0522e-02   2.7561e-01   1.9296e-01   2.5778e+00
  64   2.7876e-02   8.5320e-02   5.9095e-01   1.5376e-01   3.1097e+00
 128   1.2373e-02   4.4871e-02   4.2880e-01   1.5097e-01   3.4452e+00
 256   5.5012e-03   1.9711e-02   1.9757e-01   1.5236e-01   3.6459e+00
 512   2.5204e-03   8.4388e-03   9.2020e-02   1.5360e-01   3.7515e+00
1024   1.1972e-03   3.7267e-03   3.8888e-02   1.5448e-01   3.7958e+00

% f-wave (no limiter)
  32   2.6591e-02   4.7462e-02   1.4317e-01   1.7426e-01   2.6948e+00
  64   1.6705e-02   6.0939e-02   4.2962e-01   1.5937e-01   3.2892e+00  
 128   5.6690e-03   2.5766e-02   2.3897e-01   1.5601e-01   3.6106e+00
 256   1.6092e-03   7.9665e-03   8.6100e-02   1.5554e-01   3.7859e+00
 512   4.0776e-04   2.0805e-03   2.4425e-02   1.5549e-01   3.8205e+00
1024   1.1121e-04   4.8286e-04   5.8669e-03   1.5546e-01   3.8258e+00

% f-wave (with limiter)
  32   2.6747e-02   6.7698e-02   2.8699e-01   1.5386e-01   2.7556e+00
  64   1.0959e-02   3.5489e-02   1.8552e-01   1.5588e-01   3.3541e+00
 128   4.2347e-03   1.5610e-02   1.1091e-01   1.5511e-01   3.7042e+00
 256   1.2616e-03   5.0829e-03   4.6533e-02   1.5525e-01   3.7955e+00
 512   4.0269e-04   1.8253e-03   2.1537e-02   1.5541e-01   3.8137e+00
1024   1.5054e-04   6.5108e-04   8.3283e-03   1.5544e-01   3.8238e+00


% -----------------------------------------------------------------------------
% 4. u(x) = 0.5*(tanh((x-0.65)/0.025) + tanh((0.35-x)/0.04)) + 1.5;
% dt0 = 1.5e-2; T = 0.15; nout = 10; cfl = 0.72

% ustar approach (no limiter)
  32   3.7155e-02   8.7323e-02   4.0844e-01   3.3545e-01   2.6545e+00  
  64   1.4365e-02   4.1614e-02   2.4764e-01   3.3618e-01   2.7540e+00
 128   5.0356e-03   1.6003e-02   1.0818e-01   3.3858e-01   2.7989e+00
 256   1.3060e-03   4.7331e-03   3.6576e-02   3.3896e-01   2.7624e+00
 512   3.4063e-04   1.1994e-03   1.0118e-02   3.3905e-01   2.7422e+00
1024   9.7958e-05   2.8372e-04   2.4956e-03   3.3907e-01   2.7391e+00

% ustar approach (with limiter)
  32   2.7627e-02   6.5350e-02   2.8404e-01   3.4403e-01   2.4273e+00
  64   1.0060e-02   2.6516e-02   1.2135e-01   3.4054e-01   2.6276e+00
 128   3.2247e-03   9.5675e-03   5.9938e-02   3.3955e-01   2.6864e+00
 256   9.5283e-04   3.1395e-03   2.1851e-02   3.3920e-01   2.7233e+00
 512   2.9299e-04   1.0402e-03   8.9296e-03   3.3911e-01   2.7332e+00
1024   1.0618e-04   3.3502e-04   3.1480e-03   3.3908e-01   2.7370e+00

% wave-decomp (no limiter)
 32   3.6279e-02   8.3085e-02   3.9463e-01   3.2783e-01   2.6238e+00
 64   1.4054e-02   3.9828e-02   2.4214e-01   3.3589e-01   2.7404e+00
128   4.9927e-03   1.5507e-02   1.0647e-01   3.3851e-01   2.7932e+00
256   1.3101e-03   4.6311e-03   3.6209e-02   3.3894e-01   2.7612e+00
512   3.4321e-04   1.1794e-03   1.0059e-02   3.3905e-01   2.7420e+00
1024   9.8865e-05   2.8020e-04   2.4725e-03   3.3907e-01   2.7391e+00

% wave-decomp (with limiter)
  32   2.8129e-02   6.7941e-02   2.9385e-01   3.4298e-01   2.4175e+00
  64   1.0291e-02   2.7684e-02   1.2553e-01   3.4035e-01   2.6222e+00  
 128   3.3426e-03   1.0056e-02   6.2639e-02   3.3950e-01   2.6851e+00
 256   9.8525e-04   3.2742e-03   2.2819e-02   3.3918e-01   2.7227e+00
 512   3.0032e-04   1.0652e-03   8.9877e-03   3.3911e-01   2.7330e+00
1024   1.0838e-04   3.4030e-04   3.1431e-03   3.3908e-01   2.7369e+00

% edge (no limiter)
32   5.8049e-02   1.2103e-01   5.4797e-01   3.2587e-01   2.6595e+00
  64   2.4524e-02   6.0828e-02   3.5226e-01   3.3575e-01   2.7862e+00
 128   1.0291e-02   2.6496e-02   1.7552e-01   3.3836e-01   2.8030e+00 
 256   4.3067e-03   1.0690e-02   7.5021e-02   3.3881e-01   2.7595e+00
 512   1.9656e-03   4.5653e-03   3.0402e-02   3.3897e-01   2.7398e+00
1024   9.5965e-04   2.0999e-03   1.2824e-02   3.3903e-01   2.7380e+00

% edge (with limiter)
  32   5.5626e-02   1.1482e-01   5.3846e-01   3.4727e-01   2.3963e+00
  64   2.4576e-02   5.3435e-02   2.8621e-01   3.4149e-01   2.5887e+00 
 128   9.9447e-03   2.2852e-02   1.4528e-01   3.3958e-01   2.6843e+00
 256   4.2188e-03   9.4404e-03   6.0646e-02   3.3914e-01   2.7243e+00
 512   1.9902e-03   4.2089e-03   2.4065e-02   3.3905e-01   2.7338e+00
1024   9.6639e-04   2.0014e-03   9.9807e-03   3.3905e-01   2.7366e+00

% f-wave (no limiter)
  32   3.6279e-02   8.3085e-02   3.9463e-01   3.2783e-01   2.6238e+00
  64   1.4054e-02   3.9828e-02   2.4214e-01   3.3589e-01   2.7404e+00
 128   4.9927e-03   1.5507e-02   1.0647e-01   3.3851e-01   2.7932e+00
 256   1.3101e-03   4.6311e-03   3.6209e-02   3.3894e-01   2.7612e+00
 512   3.4321e-04   1.1794e-03   1.0059e-02   3.3905e-01   2.7420e+00  
1024   9.8865e-05   2.8020e-04   2.4725e-03   3.3907e-01   2.7391e+00

% f-wave (with limiter)
  32   2.6799e-02   6.3055e-02   2.7744e-01   3.4511e-01   2.4339e+00
  64   9.5592e-03   2.4930e-02   1.1756e-01   3.4105e-01   2.6357e+00
 128   3.0017e-03   8.6867e-03   5.5210e-02   3.3970e-01   2.6890e+00
 256   8.8669e-04   2.7985e-03   1.9616e-02   3.3923e-01   2.7246e+00
 512   2.8791e-04   9.5612e-04   8.2811e-03   3.3912e-01   2.7336e+00
1024   1.0501e-04   3.1888e-04   3.0223e-03   3.3909e-01   2.7371e+00

% -----------------------------------------------------------------------------
% 4. u(x) = 0.5*(tanh((x-0.65)/0.025) + tanh((0.35-x)/0.04));
% dt0 = 1.5e-2; T = 0.15; nout = 10; cfl = 0.72

% ustar approach (no limiter)
 32   2.2658e-01   6.9191e-01   2.9502e+00  -2.1092e-01   4.8899e+00
 64   2.0448e-01   9.8606e-01   5.8763e+00  -2.3071e-02   7.8905e+00
128   3.2455e-02   1.4332e-01   1.3412e+00  -9.7053e-02   6.5769e+00
256   1.0143e-02   5.2058e-02   5.6274e-01  -3.4802e-02   6.3537e+00
512   2.4259e-02   3.0852e-01   4.9162e+00  -1.6154e-01   1.1289e+01
1024   1.8183e-02   3.3996e-01   8.0757e+00  -5.2756e-01   1.4535e+01

% ustar approach (with limiter)
 32   8.7914e-02   2.6729e-01   1.3264e+00   1.4977e-02   3.2661e+00
 64   1.0075e-01   4.2965e-01   2.4927e+00  -9.7832e-03   4.9674e+00
128   1.5252e-02   6.1703e-02   4.7364e-01   7.0529e-02   6.3138e+00
256   1.6637e-02   1.2518e-01   1.6754e+00   4.2812e-02   8.1846e+00
512   1.1284e-02   1.1809e-01   2.4514e+00   3.4919e-03   8.8241e+00
1024   8.6620e-03   1.2778e-01   3.7248e+00  -1.2786e-02   1.0184e+01


% wave-decomp (no limiter)
  32   5.0227e-02   1.3775e-01   6.9702e-01   4.4385e-02   3.4080e+00
  64   4.7570e-02   2.2730e-01   1.6481e+00   5.2208e-02   4.6699e+00
 128   1.1739e-02   6.9618e-02   6.6547e-01   4.9655e-02   5.4423e+00
 256   3.8198e-03   2.7996e-02   3.8889e-01   4.9681e-02   6.1204e+00
 512   1.1908e-03   8.3437e-03   1.2190e-01   4.9776e-02   6.3677e+00
1024   3.6140e-04   2.4706e-03   3.6388e-02   4.9782e-02   6.4831e+00

% wave-decomp (with limiter)
  32   1.1418e-01   2.6893e-01   9.4666e-01  -5.0040e-01   4.5675e+00
  64   4.0111e-02   1.3442e-01   9.5011e-01  -1.1930e-01   6.3412e+00
 128   4.6841e-02   2.0841e-01   1.7108e+00  -4.2011e-01   7.8185e+00
 256   2.5936e-02   1.7431e-01   2.3162e+00  -1.1016e-01   8.8255e+00
 512   1.6042e-02   1.4486e-01   2.8177e+00  -4.1379e-01   9.3073e+00
1024   7.3005e-03   9.6679e-02   2.7460e+00  -1.0943e-01   9.2655e+00

% edge (no limiter)
  32   5.8460e-02   1.4739e-01   6.3535e-01   2.6607e-03   3.2250e+00
  64   5.3923e-02   2.4129e-01   1.8019e+00   2.3991e-02   4.5161e+00
 128   1.7219e-02   7.8195e-02   8.0192e-01   3.7398e-02   5.3058e+00
 256   7.8775e-03   3.6923e-02   5.2372e-01   4.3225e-02   5.9856e+00
 512   3.5857e-03   1.6051e-02   2.2862e-01   4.6418e-02   6.2610e+00
1024   1.7717e-03   7.4584e-03   1.0618e-01   4.8068e-02   6.4133e+00

% edge (with limiter)
  32   6.0334e-02   1.4606e-01   5.2644e-01   6.8305e-02   3.1364e+00
  64   5.1963e-02   2.4329e-01   1.8669e+00   3.9713e-02   4.4511e+00
 128   1.9034e-02   8.3932e-02   8.5551e-01   4.1636e-02   5.2522e+00
 256   8.6113e-03   3.9708e-02   5.2872e-01   4.4041e-02   5.9806e+00
 512   4.0296e-03   1.7074e-02   2.2883e-01   4.6678e-02   6.2608e+00
1024   1.9062e-03   7.7638e-03   1.0618e-01   4.8118e-02   6.4133e+00

% f-wave (no limiter)
  32   5.0227e-02   1.3775e-01   6.9702e-01   4.4385e-02   3.4080e+00
  64   4.7570e-02   2.2730e-01   1.6481e+00   5.2208e-02   4.6699e+00
 128   1.1739e-02   6.9618e-02   6.6547e-01   4.9655e-02   5.4423e+00
 256   3.8198e-03   2.7996e-02   3.8889e-01   4.9681e-02   6.1204e+00
 512   1.1908e-03   8.3437e-03   1.2190e-01   4.9776e-02   6.3677e+00
1024   3.6140e-04   2.4706e-03   3.6388e-02   4.9782e-02   6.4831e+00


% f-wave (with limiter)
  32   5.9094e-02   1.5840e-01   8.0462e-01  -6.5111e-02   4.4440e+00
  64   1.2117e-02   3.9385e-02   2.3141e-01   6.3532e-02   6.0866e+00
 128   1.3769e-02   8.6682e-02   8.2753e-01   4.8242e-02   6.9353e+00
 256   6.8379e-03   5.7872e-02   8.4450e-01   4.9089e-02   7.3538e+00
 512   1.9308e-03   2.1186e-02   4.5388e-01   4.9857e-02   6.9435e+00
1024   5.1561e-04   5.4380e-03   1.5251e-01   4.9716e-02   6.6720e+00

% -----------------------------------------------------------------------------
% 5. u(x) = tanh((x-0.5)/0.01)
% dt0 = 2.5e-2; T = 0.25; nout = 10; cfl = 0.8

% ustar approach (no limiter)
   32   6.8161e-02   1.5296e-01   6.0469e-01  -2.7187e-01   1.0000e+00
   64   3.3949e-02   8.5119e-02   3.7456e-01  -2.2742e-01   1.0000e+00
  128   1.6201e-02   4.1051e-02   1.7764e-01  -1.3872e-01   1.0000e+00
  256   7.1963e-03   1.7376e-02   7.8282e-02  -3.7960e-02   1.0000e+00
  512   2.9574e-03   7.1511e-03   2.7692e-02  -1.3439e-02   1.0000e+00
 1024   1.2571e-03   3.1260e-03   1.2836e-02  -6.1793e-03   1.0000e+00       

% ustar approach (with limiter)
   32   3.2528e-02   7.2831e-02   2.2642e-01  -2.2147e-03   1.0000e+00
   64   1.6496e-02   3.8592e-02   1.2734e-01  -1.0409e-04   1.0000e+00
  128   8.1041e-03   2.0567e-02   9.9816e-02   1.2063e-08   1.0000e+00
  256   3.1605e-03   7.9534e-03   3.8121e-02   6.1130e-09   1.0000e+00
  512   1.3650e-03   3.8097e-03   2.5918e-02   1.0076e-09   1.0000e+00
 1024   6.1644e-04   1.9628e-03   1.6139e-02   2.4279e-10   1.0000e+00


   32   4.2532e-02   8.6819e-02   2.7792e-01  -8.0918e-02   1.0000e+00
   64   2.0874e-02   4.9269e-02   2.0834e-01  -6.9339e-02   1.0000e+00
  128   9.1846e-03   2.5071e-02   1.2553e-01  -3.1492e-02   1.0000e+00
  256   3.2721e-03   1.0524e-02   6.3070e-02   6.8406e-12   1.0000e+00
  512   9.7418e-04   3.3978e-03   2.3224e-02   1.2951e-11   1.0000e+00
 1024   2.5266e-04   8.8805e-04   6.3623e-03   1.3697e-11   1.0000e+00

 % wave-decomp (with limiter)
   32   5.0311e-02   7.9050e-02   2.2869e-01  -5.3621e-02   1.0000e+00
   64   4.3591e-02   5.8997e-02   1.2740e-01  -1.0149e-01   1.0000e+00   
  128   3.4280e-02   4.8244e-02   1.6131e-01  -1.6131e-01   1.0000e+00
  256   2.2748e-02   3.5535e-02   2.2155e-01  -2.2155e-01   1.0000e+00
  512   1.2870e-02   2.3639e-02   2.5233e-01  -2.5233e-01   1.0000e+00
 1024   6.7241e-03   1.5470e-02   2.6646e-01  -2.6646e-01   1.0000e+00

% edge (no limiter)
  32   4.0304e-02   8.4363e-02   2.7380e-01  -9.0608e-02   1.0000e+00
  64   2.0980e-02   5.0764e-02   2.2178e-01  -1.0380e-01   1.0000e+00
 128   1.1386e-02   3.1822e-02   1.5553e-01  -8.1602e-02   1.0000e+00
 256   4.7260e-03   1.5308e-02   8.3738e-02  -7.8120e-03   1.0000e+00
 512   1.7949e-03   6.0544e-03   3.7526e-02   1.2365e-12   1.0000e+00
1024   7.0630e-04   2.3343e-03   1.4592e-02   4.7320e-12   1.0000e+00

% edge (with limiter)
   32   3.1265e-02   7.0712e-02   2.1593e-01   1.1932e-07   1.0000e+00
   64   1.1800e-02   2.9603e-02   9.8342e-02   3.4777e-12   1.0000e+00
  128   3.9686e-03   1.1816e-02   4.8787e-02   1.4133e-13   1.0000e+00
  256   1.5757e-03   5.3485e-03   3.9011e-02   5.3797e-13   1.0000e+00
  512   9.3657e-04   3.2912e-03   2.5893e-02   2.2656e-12   1.0000e+00
 1024   5.1231e-04   1.7610e-03   1.2879e-02   5.3994e-12   1.0000e+00

% f-wave (no limiter)
  32   6.8329e-02   1.5296e-01   6.0649e-01  -2.7178e-01   1.0000e+00
  64   3.4294e-02   8.3892e-02   3.7820e-01  -2.2545e-01   1.0000e+00
 128   1.4848e-02   4.0013e-02   1.8311e-01  -1.4378e-01   1.0000e+00
 256   6.7572e-03   1.7111e-02   7.7626e-02  -4.2508e-02   1.0000e+00 
 512   2.8590e-03   7.0361e-03   2.7737e-02  -1.4130e-02   1.0000e+00   
1024   1.2260e-03   3.0767e-03   1.2588e-02  -6.3224e-03   1.0000e+00

  % f-wave (with limiter)
   32   3.5075e-02   7.8916e-02   2.7532e-01  -2.3724e-02   1.0000e+00
   64   1.8340e-02   4.6161e-02   2.1077e-01  -2.9930e-02   1.0000e+00 
  128   1.0801e-02   2.6815e-02   1.3006e-01  -2.8200e-02   1.0000e+00
  256   5.3615e-03   1.2992e-02   5.9389e-02  -1.7319e-02   1.0000e+00
  512   2.4159e-03   5.8764e-03   2.4968e-02  -8.6086e-03   1.0000e+00
 1024   1.1125e-03   2.7621e-03   1.1408e-02  -4.1557e-03   1.0000e+00 

% -----------------------------------------------------------------------------
% 6. u(x) = -tanh((x-0.5)/0.1)
% dt0 = 2.5e-2; T = 0.25; nout = 10; cfl = 0.8

 % ustar approach (no limiter)
   32   2.8884e-01   1.0306e+00   4.7102e+00   1.0005e+00   1.0424e+01
   64   1.8489e-01   9.0046e-01   5.3152e+00   1.0005e+00   1.3493e+01
  128   1.0683e-01   7.2497e-01   6.3813e+00   1.0005e+00   1.5941e+01
  256   5.7972e-02   5.4146e-01   6.4848e+00   1.0005e+00   1.7431e+01
  512   3.0433e-02   3.9261e-01   6.3833e+00   1.0005e+00   1.8114e+01
 1024   1.5666e-02   2.8063e-01   6.3320e+00   1.0005e+00   1.8366e+01

% ustar approach (with limiter)
   32   6.7866e-02   2.5970e-01   1.0378e+00   1.0005e+00   6.7515e+00
   64   2.6681e-02   1.1165e-01   5.8203e-01   1.0005e+00   9.4255e+00
  128   2.8971e-02   1.5029e-01   9.3995e-01   1.0005e+00   1.1946e+01
  256   2.7240e-02   1.8722e-01   1.7514e+00   1.0005e+00   1.3604e+01
  512   1.6960e-02   1.5618e-01   2.1821e+00   1.0005e+00   1.4279e+01
 1024   8.9592e-03   1.1390e-01   2.3010e+00   1.0005e+00   1.4462e+01  

% wave-decomp (no limiter)
   32   6.8220e-02   2.0568e-01   7.8131e-01   1.0005e+00   6.4950e+00
   64   2.6516e-02   1.0842e-01   5.7044e-01   1.0005e+00   8.6233e+00
  128   1.9785e-02   1.0044e-01   6.1693e-01   1.0005e+00   1.0389e+01
  256   6.1397e-03   3.8040e-02   3.7708e-01   1.0005e+00   1.1476e+01
  512   1.8022e-03   1.0875e-02   1.3820e-01   1.0005e+00   1.1959e+01
 1024   6.3045e-04   3.0375e-03   3.9603e-02   1.0005e+00   1.2121e+01

% wave-decomp (with limiter)
   32   6.7161e-02   2.5823e-01   1.0322e+00   1.0005e+00   6.7459e+00
   64   2.4742e-02   1.0449e-01   5.5100e-01   1.0005e+00   9.3944e+00
  128   2.5639e-02   1.3199e-01   8.3336e-01   1.0005e+00   1.1840e+01
  256   2.3454e-02   1.5924e-01   1.5093e+00   1.0005e+00   1.3362e+01
  512   1.4004e-02   1.2688e-01   1.8041e+00   1.0005e+00   1.3901e+01
 1024   7.1874e-03   8.9704e-02   1.8482e+00   1.0005e+00   1.4009e+01

% Edge (no limiter)
  32   6.1985e-02   1.8661e-01   7.3353e-01   1.0006e+00   6.4472e+00
  64   3.1960e-02   9.0526e-02   3.8595e-01   1.0005e+00   8.5265e+00
 128   2.4957e-02   1.0715e-01   7.8229e-01   1.0005e+00   1.0224e+01
 256   1.0340e-02   5.1834e-02   5.6508e-01   1.0005e+00   1.1288e+01
 512   4.9668e-03   2.3307e-02   2.8901e-01   1.0005e+00   1.1808e+01
1024   2.5870e-03   1.1036e-02   1.3543e-01   1.0005e+00   1.2025e+01

% Edge (with limiter)
  32   6.1994e-02   1.3051e-01   4.1003e-01   1.0006e+00   5.9816e+00
  64   5.4378e-02   1.5224e-01   7.1309e-01   1.0005e+00   8.1304e+00
 128   2.9174e-02   1.2071e-01   9.1717e-01   1.0005e+00   1.0089e+01
 256   1.0340e-02   5.1834e-02   5.6508e-01   1.0005e+00   1.1288e+01
 512   6.0002e-03   2.5010e-02   2.8913e-01   1.0005e+00   1.1808e+01
1024   2.8674e-03   1.1509e-02   1.3543e-01   1.0005e+00   1.2025e+01

% f-wave (no limiter)
  32   2.8156e-01   1.0316e+00   4.8032e+00   1.0005e+00   1.0517e+01
  64   1.8162e-01   8.9971e-01   5.2321e+00   1.0005e+00   1.3635e+01
 128   1.0604e-01   7.2519e-01   6.3052e+00   1.0005e+00   1.6078e+01
 256   5.7720e-02   5.4239e-01   6.4295e+00   1.0005e+00   1.7528e+01
 512   3.0331e-02   3.9315e-01   6.3502e+00   1.0005e+00   1.8171e+01
1024   1.5627e-02   2.8085e-01   6.3143e+00   1.0005e+00   1.8396e+01

% f-wave (with limiter)
   32   9.9205e-02   4.6539e-01   2.5771e+00   1.0005e+00   8.2908e+00
   64   9.8526e-02   5.3836e-01   3.4631e+00   1.0005e+00   1.2307e+01
  128   7.7608e-02   5.7235e-01   4.9926e+00   1.0005e+00   1.5999e+01
  256   4.8333e-02   4.9673e-01   6.2018e+00   1.0005e+00   1.8055e+01
  512   2.5346e-02   3.7269e-01   6.5073e+00   1.0005e+00   1.8605e+01
 1024   1.2941e-02   2.6967e-01   6.5378e+00   1.0005e+00   1.8699e+01
 
